((("s" .
   [1])
  ("raw_input" .
   [0 0 0 1 0 0 0 0 0])
  ("printf" .
   [0 0 0 1 0 0])
  ("ruby-end" .
   [1 0 0 0 0 0 0 0])
  ("robe-mode" .
   [2 0 0 0 0 0 0 0 0])
  ("ruby-mode-hook" .
   [0 0 0 0 1 0 0 0 0 0 0 0 0 0])
  ("add-hook" .
   [0 0 0 0 0 0 2 0])
  ("User" .
   [2 0 0 1])
  ("find_by_name" .
   [0 0 0 2 1 0 0 0 0 0 0 0])
  ("require-final-newline" .
   [0 0 0 0 0 0 1 0 0 0 0 0 0 0 0 0 0 0 0 0 0])
  ("count" .
   [2 0 0 0 0])
  ("for" .
   [0 0 2])
  ("blank?" .
   [1 0 0 0 0 0])
  ("get" .
   [2 0 0])
  ("cid" .
   [4 0 0])
  ("cid2" .
   [2 0 0 0])
  ("cid1" .
   [3 0 0 0])
  ("include?" .
   [2 0 0 0 0 0 0 0])
  ("include" .
   [2 0 0 0 0 0 0])
  ("other-window" .
   [1 0 0 0 0 0 0 0 0 0 0 0])
  ("global-set-key" .
   [1 0 0 0 0 0 0 0 0 0 0 0 0 0])
  ("when" .
   [2 0 0 0])
  ("require" .
   [4 0 0 2 0 0 0])
  ("setq" .
   [1 0 0 0])
  ("flymake-python" .
   [1 0 0 0 0 0 0 0 0 0 0 0 0 0])
  ("set" .
   [2 0 0])
  ("yaml-mode" .
   [1 0 0 0 0 0 0 0 0])
  ("nil" .
   [1 0 0])
  ("add-to-list" .
   [2 0 0 0 0 0 0 0 0 0 0])
  ("auto-mode-alist" .
   [1 0 0 0 0 0 0 0 0 0 0 0 0 0 0])
  ("params" .
   [1 0 0 0 0 1])
  ("rank" .
   [1 0 0 0])
  ("article1" .
   [2 0 0 0 0 0 0 0])
  ("rank:" .
   [1 0 0 0 0])
  ("article2" .
   [1 0 0 0 0 0 0 0])
  ("graph" .
   [3 0 0 0 0])
  ("result" .
   [2 0 0 0 0 0])
  (":data" .
   [2 0 0 0 0])
  ("gon" .
   [2 0 0])
  ("logger" .
   [1 0 0 0 0 0])
  ("debug" .
   [1 0 0 0 0])
  ("cit" .
   [1 0 0])
  ("citation" .
   [5 0 0 0 0 0 0 0])
  ("get_citation" .
   [1 0 0 0 0 0 0 0 0 0 0 0])
  ("to_i" .
   [2 0 0 0])
  ("citations" .
   [1 0 0 0 0 0 0 0 0])
  ("get_citedby" .
   [1 0 0 0 0 0 0 0 0 0 0])
  ("citedby" .
   [1 0 0 0 0 0 0])
  ("citedbyes" .
   [2 0 0 0 0 0 0 0 0])
  ("to_s" .
   [1 0 0 0])
  ("hogehoge" .
   [0 0 0 1 1 0 0 0])
  ("cin" .
   [4 0 0])
  ("max" .
   [4 0 0])
  ("MAX_V" .
   [2 0 3 0 2])
  ("fill" .
   [2 0 0 0])
  ("used" .
   [9 0 0 1])
  ("cost" .
   [5 0 0 1])
  ("define" .
   [1 0 0 0 0 0])
  ("INF" .
   [2 0 0])
  ("dijkstra" .
   [1 0 0 0 0 0 0 0])
  ("len" .
   [0 1 1])
  ("ruby-mode" .
   [0 0 0 0 0 0 0 0 1])
  ("class" .
   [0 0 0 0 1])
  ("time" .
   [0 0 0 1])
  ("i" .
   [17])
  ("enumerate" .
   [0 0 0 1 0 0 0 0 0])
  ("r" .
   [1])
  ("pow" .
   [0 1 0])
  ("a" .
   [4])
  ("k" .
   [5])
  ("append" .
   [2 1 0 0 0 1])
  ("str_a" .
   [4 0 0 0 1])
  ("can1" .
   [1 0 0 0])
  ("used1" .
   [7 0 0 0 0])
  ("u" .
   [6])
  ("m" .
   [4])
  ("b" .
   [1])
  ("used2" .
   [8 0 0 0 0])
  ("join" .
   [3 0 0 0])
  ("can2" .
   [2 0 0 0])
  ("temp" .
   [4 0 0 0])
  ("u_temp" .
   [0 0 0 0 1 0])))
